PatchID,Residues,PatchClass
0,"A15,A33,A17,A16,A24,B39,B65,B64,A23,A38,A19,A21,A20,B63,A36,B42,B40",Real
1,"A40,A41,A42,A43,A45,A61,A64,A65,A66,A67,A68,A69,B13,B15,B19,B23,B33,B34,B35,B36,B37,B41",MonteCarlo
2,"A13,A15,A18,A33,A34,A36,A37,A38,A39,A40,A41,B13,B40,B41,B43,B61,B63,B64,B65,B66,B67,B68,B69",MonteCarlo
3,"A15,A18,A33,A34,A35,A36,A37,A38,A39,A40,A41,A9,B40,B42,B43,B44,B45,B47,B61,B62,B63,B64,B65,B68",MonteCarlo
4,"A42,A43,A45,A47,A61,A64,A66,A67,A68,A69,B12,B13,B16,B19,B32,B33,B34,B35,B36,B37,B38,B9",MonteCarlo
5,"A15,A18,A27,A28,A31,A32,A33,A36,B54,B55,B57,B58,B59,B61,B62,B63,B64,B65,B66,B67,B68",MonteCarlo
6,"A42,A43,A45,A47,A61,A64,A66,A67,A68,A69,B12,B13,B15,B16,B18,B32,B33,B34,B35,B36,B37,B41",MonteCarlo
7,"A13,A15,A36,A37,A38,A39,A40,A41,A43,A68,A69,B13,B15,B37,B38,B39,B40,B41,B42,B43,B69,B71",MonteCarlo
8,"A13,A15,A16,A38,A39,A40,A41,A64,A66,A67,A68,A69,B13,B15,B40,B41,B42,B43,B68,B69,B70,B71",MonteCarlo
9,"A43,A45,A55,A57,A58,A59,A61,A62,A63,A64,A65,A66,A67,A68,A69,B12,B13,B15,B18,B34,B36,B41",MonteCarlo
10,"A43,A45,A57,A59,A61,A62,A63,A64,A65,A66,A67,A68,A69,A70,A71,B11,B12,B13,B15,B18,B41,B9",MonteCarlo
11,"A39,A40,A59,A61,A62,A63,A64,A65,A66,A67,A68,B15,B16,B17,B18,B19,B20,B21,B23,B33",MonteCarlo
12,"A10,A11,A28,A30,A6,A7,A8,A9,B45,B49,B50,B51,B52,B53,B55,B57,B61,B68,B70,B71,B72,B73",MonteCarlo
13,"A13,A15,A16,A18,A33,A36,A37,A38,A39,A40,A41,B13,B15,B40,B41,B42,B43,B44,B61,B64,B65,B66,B67,B68",MonteCarlo
14,"A55,A57,A59,A61,A63,A64,A65,A66,A67,A68,A69,A70,A71,B10,B13,B25,B27,B28,B30,B31,B9",MonteCarlo
15,"A47,A55,A57,A58,A59,A61,A62,A63,A64,A65,A66,A68,B15,B17,B18,B19,B20,B21,B23,B25,B32,B33,B34",MonteCarlo
16,"A10,A13,A15,A34,A36,A8,A9,B42,B43,B45,B50,B51,B53,B54,B55,B57,B58,B59,B68,B69,B70,B72,B73",MonteCarlo
17,"A43,A59,A61,A62,A63,A64,A65,A66,A67,A68,A69,B12,B13,B15,B18,B23,B27,B28,B30,B31,B32,B33",MonteCarlo
18,"A11,A13,A15,A17,A18,B55,B57,B58,B59,B61,B62,B63,B64,B65,B66,B67,B68,B69,B70,B71,B73",MonteCarlo
19,"A13,A40,A43,A61,A63,A64,A65,A66,A67,A68,A69,B12,B13,B15,B16,B17,B18,B20,B37,B39,B41",MonteCarlo
20,"A13,A15,A36,A37,A38,A39,A40,A41,A42,A43,A61,A64,A66,A67,A68,A69,B13,B15,B36,B37,B40,B41,B42,B43",MonteCarlo
21,"A43,A57,A58,A59,A61,A62,A63,A64,A65,A66,A67,A68,A69,A70,A71,B10,B12,B13,B18,B41,B8,B9",MonteCarlo
22,"A10,A13,A15,A16,A18,A39,A41,A8,B40,B41,B43,B57,B61,B62,B63,B64,B65,B66,B67,B68,B69,B70",MonteCarlo
23,"A13,A15,A18,A32,A33,A34,A35,A36,A37,A39,A41,A7,A9,B42,B43,B44,B45,B47,B61,B63,B64,B65,B66,B68",MonteCarlo
24,"A13,A37,A38,A39,A40,A41,A43,A45,A61,A63,A64,A65,A66,A67,A68,B10,B13,B15,B18,B40,B41,B42,B43,B9",MonteCarlo
25,"A41,A55,A57,A58,A59,A61,A62,A63,A64,A65,A66,A67,A68,A69,A70,A71,B10,B13,B15,B18,B9",MonteCarlo
26,"A13,A15,A16,A42,A43,A45,A64,A66,A67,A68,A69,B13,B35,B36,B37,B38,B39,B40,B41,B68",MonteCarlo
27,"A10,A11,A13,A15,A32,A33,A34,A35,A36,A9,B13,B41,B42,B44,B45,B47,B68,B69,B70,B71,B72,B73,B74",MonteCarlo
28,"A50,A52,A53,A55,A57,A58,A59,A61,A62,A63,A64,A65,A66,A67,A68,A69,A70,B10,B13,B25,B28,B7",MonteCarlo
29,"A13,A15,A16,A17,A18,A34,A35,A36,A37,A38,A39,A40,A41,A9,B40,B41,B42,B43,B45,B64,B68",MonteCarlo
30,"A43,A47,A55,A57,A58,A59,A61,A62,A63,A64,A65,A66,A67,A68,A69,B12,B13,B18,B32,B33,B36,B7",MonteCarlo
31,"A13,A15,A16,A20,A37,A38,A39,A40,A41,A43,B13,B38,B39,B40,B41,B42,B43,B68,B69,B70,B71",MonteCarlo
32,"A13,A15,A16,A17,A18,A20,A43,B13,B40,B41,B61,B62,B63,B64,B65,B66,B67,B68,B69,B70",MonteCarlo
33,"A47,A49,A50,A69,A70,A71,B10,B19,B20,B23,B24,B27,B28,B30,B32,B33,B7,B8,B9",MonteCarlo
34,"A50,A52,A53,A55,A57,A58,A59,A61,A62,A63,A64,A65,A66,A67,A68,A69,A70,B10,B13,B15,B18,B41",MonteCarlo
35,"A18,A34,A35,A36,A9,B45,B53,B54,B55,B57,B58,B59,B61,B62,B63,B64,B65,B66,B67,B68,B70,B72",MonteCarlo
36,"A21,A24,A25,A28,B51,B52,B53,B54,B55,B57,B58,B59,B61,B62,B63,B64,B65,B66,B67,B68,B70",MonteCarlo
37,"A18,A28,A30,A32,A33,A34,A35,A36,B45,B47,B53,B55,B57,B58,B59,B61,B62,B63,B64,B65,B66,B67,B68",MonteCarlo
38,"A10,A11,A33,A34,A35,A36,A37,A38,A39,A7,A8,A9,B42,B43,B44,B45,B47,B53,B57,B59,B63,B72,B73",MonteCarlo
39,"A42,A43,A58,A59,A61,A62,A63,A64,A65,A66,A67,A68,A69,B13,B15,B18,B24,B25,B27,B28,B36,B37",MonteCarlo
40,"A13,A40,A41,A42,A43,A61,A63,A64,A65,A66,A67,A68,A69,B13,B15,B16,B18,B36,B37,B38,B39,B41,B68",MonteCarlo
41,"A10,A11,A18,A32,A33,A34,A35,A36,A7,A8,A9,B45,B47,B64,B67,B68,B69,B70,B71,B72,B73,B74",MonteCarlo
42,"A47,A49,A50,A52,A53,A55,A57,A58,A59,A61,B10,B30,B31,B32,B33,B34,B35,B36,B7,B8,B9",MonteCarlo
43,"A42,A43,A45,A50,A68,A69,A70,A71,B10,B11,B12,B19,B32,B33,B34,B35,B36,B37,B7,B8,B9",MonteCarlo
44,"A37,A38,A39,A40,A41,A42,A43,A64,A66,A67,A68,A69,B13,B15,B16,B36,B37,B38,B39,B40,B41,B43",MonteCarlo
45,"A53,A55,A57,A58,A59,A61,A62,A63,A64,A65,A66,A67,A68,A69,B17,B18,B19,B20,B21,B23,B33",MonteCarlo
46,"A57,A58,A59,A61,A62,A63,A64,A65,A66,A67,A68,A69,B15,B16,B17,B18,B20,B21,B23,B28",MonteCarlo
47,"A55,A57,A58,A59,A61,A62,A63,A64,A65,A66,A67,A68,A69,B13,B15,B16,B17,B18,B25,B28",MonteCarlo
48,"A10,A32,A33,A34,A35,A36,A6,A7,A8,A9,B45,B47,B49,B50,B51,B53,B54,B55,B57,B58,B59",MonteCarlo
49,"A42,A47,A59,A63,B16,B19,B20,B21,B23,B24,B25,B27,B28,B30,B31,B32,B33,B34,B36,B7",MonteCarlo
50,"A13,A15,A38,A39,A40,A41,A42,A43,A64,A65,A66,A67,A68,A69,B12,B13,B15,B36,B37,B38,B39,B40,B41,B42,B43",MonteCarlo
51,"A42,A43,A45,A47,A49,A50,A53,A57,A68,A70,B10,B30,B31,B32,B33,B34,B35,B36,B37,B7,B8,B9",MonteCarlo
52,"A43,A45,A47,A64,A66,A67,A68,A69,A70,A71,B10,B12,B13,B32,B33,B34,B35,B36,B37,B39,B41,B9",MonteCarlo
53,"A49,A50,A52,A53,A55,A57,A58,A59,A61,A64,A66,A68,A69,A70,A71,B10,B28,B30,B7,B8,B9",MonteCarlo
54,"A10,A11,A13,A34,A41,A9,B13,B45,B57,B58,B61,B62,B64,B65,B66,B67,B68,B69,B70,B71,B72,B73",MonteCarlo
55,"A10,A18,A33,A34,A36,A9,B53,B54,B55,B57,B58,B59,B61,B62,B63,B64,B65,B66,B67,B68,B69,B70",MonteCarlo
56,"A41,A58,A59,A61,A62,A63,A64,A65,A66,A67,A68,A69,B13,B15,B18,B21,B23,B24,B25,B27,B28,B33",MonteCarlo
57,"A13,A15,A39,A40,A41,A42,A43,A45,A64,A66,A67,A68,A69,B13,B15,B35,B36,B37,B38,B39,B40,B41",MonteCarlo
58,"A15,A17,A18,A28,B51,B53,B54,B55,B57,B58,B59,B61,B62,B63,B64,B65,B66,B67,B68",MonteCarlo
59,"A10,A13,A15,A17,A18,A9,B57,B58,B59,B61,B62,B63,B64,B65,B66,B67,B68,B69,B70,B72",MonteCarlo
60,"A10,A30,A32,A33,A34,A36,A6,A7,A8,A9,B45,B47,B49,B50,B51,B52,B53,B54,B55,B57,B58,B61",MonteCarlo
61,"A13,A42,A43,A45,A61,A62,A63,A64,A65,A66,A67,A68,A69,B12,B13,B19,B20,B23,B33,B36,B37,B41",MonteCarlo
62,"A10,A33,A34,A35,A36,A9,B45,B47,B50,B51,B53,B54,B55,B57,B58,B59,B61,B62,B63,B64,B65,B68,B70",MonteCarlo
63,"A10,A13,A15,A32,A33,A34,A35,A36,A37,A9,B42,B43,B45,B47,B51,B53,B54,B55,B57,B58,B61,B68,B69,B70",MonteCarlo
64,"A53,A55,A57,A58,A59,A61,A62,A63,A64,A65,A66,A67,A68,B15,B17,B18,B19,B20,B21,B23,B33",MonteCarlo
65,"A15,A17,A18,A25,A36,B42,B51,B53,B54,B55,B57,B58,B59,B61,B62,B63,B64,B65,B66,B67,B68",MonteCarlo
66,"A30,A32,A33,A34,A35,A36,A9,B45,B47,B51,B52,B53,B54,B55,B57,B58,B61,B64,B65,B66,B67,B68,B73",MonteCarlo
67,"A13,A15,A17,A18,A39,A40,A41,A68,B13,B15,B39,B40,B41,B43,B61,B63,B64,B65,B66,B67,B68,B69",MonteCarlo
68,"A13,A15,A33,A34,A35,A36,A37,A39,A41,A9,B42,B43,B45,B47,B57,B61,B64,B66,B67,B68,B69,B70,B71,B72",MonteCarlo
69,"A10,A18,A31,A33,A34,A35,A9,B45,B51,B53,B54,B55,B57,B58,B59,B61,B62,B63,B64,B65,B66,B67,B68",MonteCarlo
70,"A47,A49,A50,A52,A53,A55,A57,A58,A59,A61,A62,A63,A64,B18,B25,B28,B30,B32,B33,B34,B7,B8",MonteCarlo
71,"A43,A55,A57,A58,A59,A61,A62,A63,A64,A65,A66,A67,A68,A69,A70,B12,B13,B15,B18,B28,B30,B41",MonteCarlo
72,"A13,A15,A16,A17,A18,A19,A20,A21,A23,A67,B13,B40,B41,B42,B61,B62,B63,B64,B65,B66,B67,B68",MonteCarlo
73,"A15,A16,A18,A19,A32,A33,A34,A35,A36,A37,A38,A39,B40,B42,B43,B44,B45,B47,B61,B63,B64,B66,B68,B70",MonteCarlo
74,"A43,A52,A55,A57,A58,A59,A61,A62,A63,A64,A65,A66,A67,A68,A69,B13,B15,B18,B25,B28,B36",MonteCarlo
75,"A40,A41,A59,A61,A62,A63,A64,A65,A66,A67,A68,A69,B13,B15,B16,B17,B18,B25,B28",MonteCarlo
76,"A43,A45,A47,A61,A64,A65,A66,A67,A68,A69,A70,A71,B10,B12,B13,B33,B34,B35,B36,B37,B39,B41,B9",MonteCarlo
77,"A43,A50,A52,A53,A55,A57,A58,A59,A61,A62,A63,A64,A65,A66,A67,A68,A69,B12,B13,B15,B18",MonteCarlo
78,"A30,A32,A33,A34,A35,A36,A6,A7,A8,A9,B45,B47,B49,B50,B51,B53,B54,B55,B57,B58,B59",MonteCarlo
79,"A13,A15,A16,A19,A20,A23,A33,A34,A36,A37,A38,A39,A41,A9,B13,B40,B41,B42,B43,B44,B45,B47,B73",MonteCarlo
80,"A42,A43,A59,A61,A63,A64,A65,A66,A67,A68,A69,B12,B13,B19,B20,B21,B23,B24,B25,B27,B28,B36,B37",MonteCarlo
81,"A42,A43,A45,A61,A62,A63,A64,A65,A66,A67,A68,A69,B12,B13,B19,B20,B21,B23,B24,B28,B36,B37",MonteCarlo
82,"A38,A40,A42,A43,A63,A64,B15,B16,B17,B18,B19,B20,B21,B23,B33,B36,B37,B38,B39,B40",MonteCarlo
83,"A13,A15,A39,A40,A41,A42,A43,A64,A66,A67,A68,A69,B13,B15,B17,B18,B37,B38,B39,B40,B41,B43,B68",MonteCarlo
84,"A43,A45,A59,A61,A62,A63,A64,A65,A66,A67,A68,A69,B12,B13,B15,B18,B25,B28,B35,B36,B37,B41",MonteCarlo
85,"A10,A20,A21,A23,A24,A27,A28,A30,A9,B57,B59,B61,B62,B63,B64,B65,B66,B67,B68,B70,B72",MonteCarlo
86,"A13,A15,A18,A23,A27,A30,A31,A32,A33,A36,A37,B42,B43,B44,B61,B62,B63,B64,B65,B66,B67,B68,B69",MonteCarlo
87,"A42,A43,A45,A47,A61,A63,A64,A65,A66,A67,A68,A69,B12,B13,B32,B33,B34,B35,B36,B37,B39,B41,B9",MonteCarlo
88,"A13,A15,A17,A18,A32,A33,A34,A35,A36,A7,A9,B42,B43,B44,B45,B47,B59,B62,B63,B64,B68",MonteCarlo
89,"A11,A13,A15,A33,A34,A35,A36,A37,A38,A39,A41,A9,B13,B40,B41,B42,B43,B44,B45,B57,B61,B68,B73",MonteCarlo
90,"A13,A15,A16,A17,A19,A20,A21,A23,B13,B40,B41,B57,B58,B59,B61,B62,B63,B64,B65,B66,B68",MonteCarlo
91,"A11,A13,A15,A16,A33,A34,A35,A36,A9,B13,B40,B41,B42,B43,B44,B45,B47,B68,B69,B70,B71,B72,B73",MonteCarlo
92,"A13,A15,A18,A34,A36,B42,B51,B53,B54,B55,B57,B58,B61,B62,B63,B64,B65,B66,B67,B68,B69,B70",MonteCarlo
93,"A13,A15,A39,A40,A41,A43,A61,A64,A65,A66,A67,A68,A69,A70,A71,B10,B13,B15,B40,B41,B43,B9",MonteCarlo
94,"A13,A15,A18,A37,A38,A39,A40,A41,A67,A69,B13,B40,B41,B42,B43,B61,B63,B64,B65,B66,B67,B68,B69",MonteCarlo
95,"A13,A40,A41,A61,A62,A63,A64,A65,A66,A67,A68,A69,A70,B13,B15,B16,B17,B18,B68",MonteCarlo
96,"A42,A43,A45,A47,A61,A66,A68,A69,A70,A71,B10,B12,B13,B15,B33,B34,B35,B36,B37,B39,B41,B9",MonteCarlo
97,"A13,A15,A17,A18,A36,B41,B42,B43,B57,B58,B59,B61,B62,B63,B64,B65,B66,B67,B68,B69,B70,B71",MonteCarlo
98,"A43,A45,A52,A53,A55,A57,A58,A59,A61,A62,A63,A64,A65,A66,A67,A68,B13,B25,B28,B36",MonteCarlo
99,"A15,A16,A19,A30,A31,A32,A33,A34,A35,A36,A7,A9,B42,B44,B45,B47,B53,B54,B55,B57,B58,B61,B68",MonteCarlo
100,"A20,A21,A23,A24,A25,A33,A34,A35,A36,B45,B57,B58,B59,B61,B62,B63,B64,B68,B70,B71,B72",MonteCarlo
101,"A13,A25,A41,B43,B50,B51,B53,B54,B55,B57,B58,B59,B61,B62,B63,B64,B65,B66,B67,B68,B69,B70",MonteCarlo
102,"A10,A13,A15,A18,B51,B53,B54,B55,B57,B58,B59,B61,B62,B63,B64,B65,B66,B67,B68,B69,B70,B71,B72",MonteCarlo
103,"A52,A53,A55,A57,A58,A59,A61,A62,A63,A64,A65,A66,A67,A68,A69,A70,A71,B10,B13,B15,B18",MonteCarlo
104,"A16,A19,A30,A31,A32,A33,A34,A35,A36,A37,A7,A9,B42,B43,B44,B45,B47,B72,B73,B74",MonteCarlo
105,"A13,A15,A18,A32,A33,A34,A35,A36,A37,A38,A39,A40,A41,A7,B13,B40,B41,B42,B43,B44,B47,B61,B64,B68",MonteCarlo
106,"A40,A41,A43,A58,A59,A61,A62,A63,A64,A65,A66,A67,A68,A69,B12,B13,B15,B16,B18,B25,B28,B30",MonteCarlo
107,"A13,A15,A38,A39,A40,A41,A42,A43,A68,A69,B12,B13,B15,B16,B37,B38,B39,B40,B41,B43,B68,B69,B70",MonteCarlo
108,"A30,A31,A32,A33,A34,A35,A6,A7,A9,B47,B49,B50,B51,B52,B53,B54,B55,B57,B58,B59,B61,B68",MonteCarlo
109,"A11,A13,A15,A18,A41,B13,B41,B57,B59,B61,B62,B63,B64,B65,B66,B67,B68,B69,B70,B71,B72,B73",MonteCarlo
110,"A40,A41,A42,A43,A45,A61,A63,A64,A65,A66,A67,A68,A69,B12,B13,B15,B17,B18,B34,B35,B36,B37",MonteCarlo
111,"A10,A28,A30,A32,A33,A34,A35,A36,A7,A8,A9,B45,B47,B49,B50,B51,B52,B53,B55,B57,B59",MonteCarlo
112,"A10,A11,A18,A28,B53,B55,B57,B58,B59,B61,B62,B63,B64,B65,B66,B67,B68,B69,B70,B71,B72",MonteCarlo
113,"A13,A40,A41,A42,A43,A45,A64,A66,A67,A68,A69,B13,B15,B18,B34,B35,B36,B37,B38,B39,B40,B41",MonteCarlo
114,"A10,A30,A32,A33,A34,A35,A36,A6,A7,A8,A9,B42,B45,B47,B49,B50,B51,B53,B55,B57,B58,B61",MonteCarlo
115,"A43,A45,A47,A61,A64,A65,A66,A67,A68,A69,A70,A71,B10,B11,B12,B13,B32,B33,B34,B36,B39,B41,B9",MonteCarlo
116,"A15,A16,A17,A18,A19,A34,A36,B40,B42,B44,B55,B57,B59,B61,B62,B63,B64,B65,B66,B67,B68",MonteCarlo
117,"A55,A57,A58,A59,A61,A62,A63,A64,A65,A66,A67,A68,A69,B13,B15,B16,B18,B25,B28,B30,B31",MonteCarlo
118,"A43,A45,A53,A55,A57,A58,A59,A61,A62,A63,A64,A65,A66,A67,A68,A69,A70,A71,B10,B13,B41",MonteCarlo
119,"A42,A43,A45,A47,A61,A64,A65,A66,A67,A68,A69,A71,B11,B12,B13,B32,B33,B34,B35,B36,B37,B39,B41",MonteCarlo
120,"A10,A11,A13,A15,A66,A67,A68,A69,A8,A9,B13,B41,B50,B53,B57,B68,B69,B70,B71,B72,B73,B74",MonteCarlo
121,"A55,A57,A58,A59,A61,A62,A63,A64,A65,A66,A67,A68,A69,B13,B15,B18,B23,B24,B25,B27,B28",MonteCarlo
122,"A43,A45,A59,A61,A62,A63,A64,A65,A66,A67,A68,A69,B12,B13,B15,B17,B18,B25,B28,B30,B41",MonteCarlo
123,"A13,A15,A16,A36,A37,A38,A39,A40,A41,A43,B13,B15,B38,B39,B40,B41,B42,B43,B57,B61,B68",MonteCarlo
124,"A13,A15,A40,A41,A43,A61,A63,A64,A65,A66,A67,A68,A69,B12,B13,B15,B16,B17,B18,B41,B68",MonteCarlo
125,"A10,A15,A16,A17,A18,B42,B53,B54,B55,B57,B58,B59,B61,B62,B63,B64,B65,B66,B67,B68,B70",MonteCarlo
126,"A28,A30,A32,A33,A34,A36,A7,A8,B47,B49,B50,B51,B52,B53,B54,B55,B57,B58,B59,B61,B62",MonteCarlo
127,"A16,A19,A20,A23,A30,A31,A32,A33,A34,A35,A36,A37,A7,A9,B42,B43,B44,B45,B47,B72,B73",MonteCarlo
128,"A13,A15,A37,A38,A39,A40,A41,A42,A43,A61,A63,A64,A68,B13,B15,B18,B36,B37,B38,B39,B40,B41,B42,B43",MonteCarlo
129,"A13,A15,A40,A41,A42,A43,A64,A66,A67,A68,A69,B12,B13,B15,B16,B18,B20,B37,B38,B39,B40,B41,B68",MonteCarlo
130,"A42,A43,A55,A57,A58,A59,A61,A62,A63,A64,A65,A66,A67,A68,A69,A70,B13,B15,B18,B25,B28,B36,B37",MonteCarlo
131,"A10,A13,A15,A17,A18,A9,B49,B50,B53,B57,B58,B59,B61,B62,B63,B64,B65,B66,B67,B68,B69,B70",MonteCarlo
132,"A13,A15,A17,A18,A21,A23,A31,A32,A33,B55,B57,B58,B59,B61,B62,B63,B64,B65,B66,B67,B68,B69",MonteCarlo
133,"A13,A15,A16,A17,A18,A33,A36,A37,A38,A39,A40,A41,B13,B40,B41,B42,B43,B44,B61,B63,B64,B66,B68",MonteCarlo
134,"A13,A15,A36,A37,A38,A39,A40,A41,A43,A64,A67,A68,B13,B15,B18,B37,B38,B39,B40,B41,B42,B43",MonteCarlo
135,"A13,A41,A55,A57,A58,A59,A61,A62,A63,A64,A65,A66,A67,A68,A69,B13,B15,B17,B18,B69",MonteCarlo
136,"A13,A15,A38,A39,A40,A41,A43,A61,A64,A65,A66,A67,A68,A69,B13,B15,B18,B39,B40,B41,B68,B69,B70",MonteCarlo
137,"A18,A27,A28,A30,A31,A32,A33,A34,A7,B47,B49,B51,B52,B53,B54,B55,B57,B58,B59,B61,B63,B64,B68",MonteCarlo
138,"A18,A21,A23,A24,A25,A33,B51,B53,B54,B55,B57,B58,B59,B61,B62,B63,B64,B65,B66,B67,B68",MonteCarlo
139,"A15,A16,A41,A43,A45,A64,A66,A67,A68,A69,A70,A71,B10,B11,B12,B13,B15,B18,B39,B40,B41,B9",MonteCarlo
140,"A13,A15,A33,A36,A37,A38,A41,B13,B42,B43,B44,B57,B58,B59,B61,B62,B63,B64,B65,B66,B67,B68,B69",MonteCarlo
141,"A13,A40,A41,A42,A43,A57,A67,A68,A69,A70,B12,B13,B15,B16,B36,B37,B38,B39,B41,B68,B69,B70",MonteCarlo
142,"A13,A15,A18,A39,A40,A41,A42,A43,A69,A70,B12,B13,B15,B16,B36,B37,B38,B39,B40,B41,B68,B69",MonteCarlo
143,"A42,A43,A45,A47,A55,A57,A58,A59,A61,A64,A66,A67,A68,A69,B12,B13,B32,B33,B34,B35,B36,B7,B9",MonteCarlo
144,"A13,A15,A17,A18,A25,B43,B49,B51,B53,B54,B55,B57,B58,B59,B61,B62,B63,B64,B65,B66,B68,B69",MonteCarlo
145,"A53,A55,A57,A58,A59,A61,A62,A63,A64,A65,A66,A67,A68,A69,A70,B10,B13,B15,B16,B18,B8",MonteCarlo
146,"A13,A43,A45,A57,A58,A59,A61,A62,A63,A64,A65,A66,A67,A68,A69,B12,B13,B15,B18,B33,B34,B36",MonteCarlo
147,"A13,A15,A40,A41,A42,A43,A64,A66,A67,A68,A69,B13,B15,B16,B17,B18,B37,B38,B39,B40,B41,B68",MonteCarlo
148,"A42,A43,A45,A47,A68,B13,B15,B16,B17,B18,B19,B20,B32,B33,B34,B35,B36,B37,B39,B41",MonteCarlo
149,"A42,A43,A45,A47,B16,B19,B20,B21,B23,B24,B33,B34,B35,B36,B37,B39,B41,B9",MonteCarlo
150,"A42,A43,A45,A55,A57,A58,A59,A61,A64,A66,A67,A68,A69,A70,A71,B11,B12,B13,B34,B35,B36,B37,B41",MonteCarlo
151,"A10,A13,A15,A18,A25,B42,B50,B51,B53,B54,B55,B57,B58,B59,B61,B62,B63,B64,B65,B66,B67,B68,B69,B70",MonteCarlo
152,"A13,A41,A43,A45,A47,A61,A63,A64,A65,A66,A67,A68,A69,B12,B13,B15,B33,B34,B35,B36,B37,B41,B9",MonteCarlo
153,"A13,A15,A16,A17,A18,A36,A37,A38,A39,A40,A41,A43,B12,B13,B15,B40,B41,B42,B43,B61,B64,B68",MonteCarlo
154,"A13,A15,A16,A17,A18,A19,A20,A21,A23,A24,B13,B40,B41,B42,B61,B63,B64,B65,B66,B67,B68",MonteCarlo
155,"A13,A15,A40,A41,A42,A43,A45,A67,A68,A69,B12,B13,B33,B34,B35,B36,B37,B38,B39,B40,B41,B68",MonteCarlo
156,"A13,A42,A43,A45,A57,A59,A61,A63,A64,A65,A66,A67,A68,A69,B12,B13,B15,B18,B34,B35,B36,B37,B41",MonteCarlo
157,"A13,A15,A39,A40,A41,A42,A43,A64,A66,A67,A68,A69,B12,B13,B15,B35,B36,B37,B38,B39,B40,B41,B43",MonteCarlo
158,"A42,A43,A61,A63,A64,A65,A66,A67,A68,A69,A70,B13,B18,B19,B20,B21,B23,B33,B36,B37,B38,B39,B40,B41",MonteCarlo
159,"A13,A42,A43,A45,A47,A66,A67,A68,A69,A70,A71,B11,B12,B13,B33,B34,B35,B36,B37,B39,B41,B9",MonteCarlo
160,"A13,A57,A58,A59,A61,A62,A63,A64,A65,A66,A67,A68,A69,A70,A71,B10,B13,B15,B18,B41,B9",MonteCarlo
161,"A13,A15,A25,A32,A33,A34,A35,A36,A37,A38,A7,A9,B42,B43,B44,B45,B47,B57,B59,B61,B62,B63,B64,B68",MonteCarlo
162,"A15,A16,A17,A18,A19,A20,A31,A33,B42,B44,B55,B57,B58,B59,B61,B62,B63,B64,B65,B66,B67,B68",MonteCarlo
163,"A13,A38,A39,A40,A41,A43,A61,A63,A64,A65,A66,A67,A68,A69,B12,B13,B15,B18,B35,B36,B37,B40,B41,B43",MonteCarlo
164,"A13,A15,A16,A18,A32,A33,A34,A35,A36,A37,A38,A39,A41,B40,B42,B43,B45,B47,B61,B63,B64,B66,B68",MonteCarlo
165,"A13,A15,A16,A18,A32,A33,A34,A36,A37,A38,A39,A40,A41,B13,B40,B41,B42,B43,B47,B61,B64,B66,B68",MonteCarlo
166,"A18,A30,A31,A32,A33,A34,A36,A7,A9,B44,B47,B49,B51,B53,B54,B55,B57,B58,B59,B61,B62,B63,B64,B68",MonteCarlo
167,"A10,A18,A25,A33,A34,A36,A9,B47,B51,B53,B54,B55,B57,B58,B59,B61,B62,B63,B64,B65,B66,B67,B68",MonteCarlo
168,"A28,A30,A32,A33,A34,A35,A36,A7,A9,B45,B47,B49,B51,B52,B53,B54,B55,B57,B58,B59,B61,B63",MonteCarlo
169,"A13,A15,A18,A28,A36,B43,B51,B53,B54,B55,B57,B58,B59,B61,B62,B63,B64,B65,B66,B67,B68",MonteCarlo
170,"A15,A16,A17,A18,A28,B53,B54,B55,B57,B58,B59,B61,B62,B63,B64,B65,B66,B67,B68,B70",MonteCarlo
171,"A15,A17,A18,A28,B42,B44,B51,B53,B54,B55,B57,B58,B59,B61,B62,B63,B64,B65,B66,B67,B68",MonteCarlo
172,"A13,A42,A43,A59,A61,A62,A63,A64,A65,A66,A67,A68,A69,B12,B13,B19,B20,B21,B23,B33,B34,B36,B41",MonteCarlo
173,"A13,A15,A16,A18,A36,B40,B41,B42,B43,B61,B62,B63,B64,B65,B66,B67,B68,B69,B70,B72,B73",MonteCarlo
174,"A13,A36,A37,A38,A39,A40,A41,A43,B12,B13,B37,B38,B39,B40,B41,B42,B43,B61,B64,B65,B66,B67,B68",MonteCarlo
175,"A13,A15,A16,A17,A18,A19,A20,A23,A33,A36,A41,A43,B13,B39,B40,B41,B42,B43,B44,B68,B70,B72",MonteCarlo
176,"A42,A43,A45,A47,A59,A61,A62,A63,B25,B27,B28,B30,B31,B32,B33,B34,B35,B36,B37,B7,B9",MonteCarlo
177,"A15,A16,A17,A18,A19,A20,A21,A23,A33,A36,B40,B42,B44,B61,B62,B63,B64,B65,B66,B67,B68",MonteCarlo
178,"A13,A15,A37,A38,A39,A40,A41,A43,A69,B12,B13,B35,B36,B37,B38,B39,B40,B41,B42,B43,B68,B69",MonteCarlo
179,"A13,A41,A43,A59,A61,A62,A63,A64,A65,A66,A67,A68,A69,B12,B13,B15,B18,B33,B34,B35,B36,B37,B41",MonteCarlo
180,"A13,A15,A17,A18,B43,B51,B53,B54,B55,B57,B58,B59,B61,B62,B63,B64,B65,B66,B67,B68,B69",MonteCarlo
181,"A43,A45,A55,A57,A58,A59,A61,A62,A63,A64,A65,A66,A67,A68,A69,A70,B13,B15,B18,B25,B28,B36",MonteCarlo
182,"A13,A15,A18,A19,A36,B42,B51,B53,B54,B55,B57,B58,B59,B61,B62,B63,B64,B65,B66,B67,B68,B69",MonteCarlo
183,"A10,A18,A32,A33,A34,A7,A8,A9,B47,B50,B51,B53,B54,B55,B57,B58,B59,B61,B62,B63,B64,B68,B70,B72",MonteCarlo
184,"A10,A15,A16,A19,A33,A34,A35,A36,A9,B42,B44,B45,B53,B54,B55,B57,B58,B59,B61,B68,B70,B72,B73",MonteCarlo
185,"A13,A15,A42,A43,A45,A64,A66,A67,A68,A69,B13,B19,B33,B34,B35,B36,B37,B38,B39,B40,B41",MonteCarlo
186,"A10,A11,A27,A30,A31,A32,A33,A34,A35,A36,A6,A7,A8,A9,B45,B47,B49,B50,B72,B73,B74",MonteCarlo
187,"A13,A15,A42,A43,A45,A47,A64,A66,A67,A68,A69,B12,B13,B32,B33,B34,B35,B36,B37,B38,B39,B40,B41,B9",MonteCarlo
188,"A10,A13,A18,A9,B51,B53,B54,B55,B57,B58,B59,B61,B62,B63,B64,B65,B66,B67,B68,B70,B72",MonteCarlo
189,"A53,A55,A57,A58,A59,A61,A62,A63,A64,A65,A66,A67,A68,A69,A70,A71,B10,B13,B15,B18,B41",MonteCarlo
190,"A15,A16,A18,A19,A33,A34,A35,A36,A37,A38,A39,A40,A41,B40,B42,B43,B44,B45,B61,B62,B63,B64,B68",MonteCarlo
191,"A39,A40,A41,A57,A58,A59,A61,A62,A63,A64,A65,A66,A67,A68,A69,A70,A71,B10,B13,B15,B18,B9",MonteCarlo
192,"A13,A15,A16,A36,A41,A42,A43,A64,A66,A67,A68,A69,B12,B13,B15,B36,B37,B38,B39,B40,B41,B42,B43",MonteCarlo
193,"A13,A15,A16,A18,A19,A23,A33,A36,A37,A39,A41,B40,B42,B43,B44,B57,B61,B63,B64,B65,B66,B67,B68,B69",MonteCarlo
194,"A13,A15,A37,A38,A39,A40,A41,A42,A43,A64,A68,B13,B15,B17,B18,B37,B38,B39,B40,B41,B42,B43",MonteCarlo
195,"A43,A52,A53,A55,A57,A58,A59,A61,A62,A63,A64,A65,A66,A67,A68,A69,A70,B12,B13,B15,B18,B36",MonteCarlo
196,"A10,A15,A16,A17,A18,B42,B54,B55,B57,B58,B59,B61,B62,B63,B64,B65,B66,B68,B70,B72",MonteCarlo
197,"A11,A13,A15,A36,A37,A39,A41,A43,A61,A64,A65,A66,A67,A68,A69,B12,B13,B41,B42,B43,B45,B72,B73,B74",MonteCarlo
198,"A13,A15,A18,A30,A32,A33,A34,A36,A7,A9,B42,B43,B47,B57,B58,B59,B61,B62,B63,B64,B65,B66,B68",MonteCarlo
199,"A40,A42,A43,A45,A64,A66,A67,A68,A69,B12,B13,B15,B18,B33,B34,B35,B36,B37,B38,B39,B40,B41",MonteCarlo
200,"A10,A28,A30,A7,A8,A9,B49,B50,B51,B52,B53,B54,B55,B57,B58,B59,B61,B62,B68,B70,B72",MonteCarlo
201,"A10,A15,A16,A17,A19,A20,A23,A27,A30,A31,A32,A33,A34,A9,B42,B44,B47,B68,B69,B70,B71,B72",MonteCarlo
202,"A19,A20,A21,A23,A24,A27,A28,A30,A31,A32,A33,A34,A35,A36,A37,A7,B42,B43,B44,B45,B47,B59",MonteCarlo
203,"A13,A15,A19,A20,A32,A33,A34,A35,A36,A7,A9,B42,B43,B44,B45,B47,B51,B53,B54,B55,B57,B58,B61,B68",MonteCarlo
204,"A41,A55,A57,A58,A59,A61,A62,A63,A64,A65,A66,A67,A68,A69,A70,B13,B15,B18,B28,B30,B32",MonteCarlo
205,"A10,A28,A30,A6,A7,A8,A9,B47,B49,B50,B51,B52,B53,B54,B55,B57,B58,B59,B61,B68,B70",MonteCarlo
206,"A15,A18,A24,A27,A28,A30,B49,B50,B51,B52,B53,B54,B55,B57,B58,B59,B68,B69,B70,B71,B72",MonteCarlo
207,"A50,A53,A55,A57,A58,A59,A61,A62,A63,A64,A65,A66,A67,A68,A69,A70,A71,B10,B13,B15,B18",MonteCarlo
208,"A13,A43,A47,A59,A61,A62,A63,A64,A65,A66,A67,A68,A69,A71,B10,B12,B13,B32,B34,B41,B7,B9",MonteCarlo
209,"A41,A53,A55,A57,A58,A59,A61,A62,A63,A64,A65,A66,A67,A68,A69,A70,A71,B10,B13,B28,B9",MonteCarlo
210,"A37,A38,A39,A40,A41,A61,A62,A63,A64,A65,A66,A67,A68,A69,A70,A71,B10,B13,B15,B9",MonteCarlo
211,"A13,A15,A37,A38,A39,A40,A41,A42,A43,B13,B15,B16,B36,B37,B38,B39,B40,B41,B42,B43,B61,B68",MonteCarlo
212,"A11,A13,A15,A33,A34,A35,A36,A37,A38,A39,A40,A41,A9,B40,B42,B43,B45,B68,B69,B70,B71,B72,B73",MonteCarlo
213,"A11,A13,A15,A17,A33,A34,A35,A36,A38,A39,A40,A41,A9,B13,B40,B41,B42,B43,B44,B45,B72,B73",MonteCarlo
214,"A13,A43,A61,A62,A63,A64,A65,A66,A67,A68,A69,A70,A71,B10,B12,B13,B68,B69,B70,B71,B9",MonteCarlo
215,"A47,A49,A50,A52,A53,A55,A57,A58,A59,A61,A62,A63,A64,B18,B25,B28,B30,B32,B33,B34,B7",MonteCarlo
216,"A21,A23,A33,A34,A36,B51,B52,B53,B54,B55,B57,B58,B59,B61,B62,B63,B64,B65,B66,B67,B68",MonteCarlo
217,"A43,A45,A47,A61,A64,A66,A67,A68,A69,A70,A71,B10,B12,B13,B15,B32,B33,B34,B36,B41,B7,B9",MonteCarlo
218,"A15,A17,A18,A20,A28,B52,B55,B57,B58,B59,B61,B62,B63,B64,B65,B66,B67,B68,B69",MonteCarlo
219,"A13,A15,A17,A18,A69,B13,B41,B54,B55,B57,B58,B59,B61,B62,B63,B64,B65,B66,B67,B68",MonteCarlo
220,"A19,A20,A21,A23,A24,A27,A28,A30,A31,A32,A33,A34,A35,A36,A7,A9,B42,B45,B47,B49,B52,B55",MonteCarlo
221,"A10,A15,A18,A9,B50,B51,B53,B54,B55,B57,B58,B59,B61,B62,B64,B65,B66,B67,B68,B69,B70,B71,B72",MonteCarlo
222,"A50,A53,A57,A58,A59,A61,A62,A63,A64,A65,A66,A67,A68,A69,A70,A71,B10,B13,B28,B7",MonteCarlo
223,"A13,A15,A16,A18,A67,A68,A69,B13,B39,B40,B41,B61,B62,B63,B64,B65,B66,B67,B68,B69,B70",MonteCarlo
224,"A13,A15,A18,A37,A38,A39,A40,A41,A43,A67,A68,A69,B13,B15,B40,B41,B43,B61,B63,B64,B65,B66,B67,B68",MonteCarlo
225,"A13,A15,A18,A28,A36,B39,B41,B42,B43,B52,B55,B57,B58,B59,B61,B63,B64,B65,B66,B67,B68,B69,B70",MonteCarlo
226,"A13,A39,A40,A41,A42,A43,A61,A64,A65,A66,A67,A68,A69,B13,B15,B35,B36,B37,B38,B39,B40,B41,B43",MonteCarlo
227,"A50,A53,A55,A57,A58,A59,A61,A62,A63,A64,A65,A66,A67,A68,A69,A70,A71,B10,B13,B15,B18",MonteCarlo
228,"A13,A15,A36,A37,A38,A39,A40,A41,A42,A43,B13,B36,B37,B38,B39,B40,B41,B42,B43,B67,B68,B69",MonteCarlo
229,"A42,A43,A45,A47,A61,A64,A66,A67,A68,A69,B12,B13,B15,B18,B32,B33,B34,B35,B36,B37,B7,B9",MonteCarlo
230,"A15,A18,A19,A20,A21,A23,A24,A27,A28,A30,A33,A36,A37,B42,B44,B61,B63,B64,B65,B66,B67,B68",MonteCarlo
231,"A42,A43,A45,A61,A63,A64,A65,A66,A67,A68,A69,B12,B13,B18,B33,B34,B35,B36,B37,B38,B39,B40,B41",MonteCarlo
232,"A13,A53,A55,A57,A58,A59,A61,A62,A63,A64,A65,A66,A67,A68,A69,A70,A71,B10,B13,B15,B28",MonteCarlo
233,"A10,A18,A34,A36,A9,B47,B50,B51,B53,B54,B55,B57,B59,B61,B62,B63,B64,B65,B66,B67,B68,B69,B70",MonteCarlo
234,"A19,A20,A21,A23,A24,A28,A33,A34,A35,A36,A9,B42,B44,B45,B47,B51,B53,B54,B55,B57,B58,B59",MonteCarlo
235,"A40,A41,A43,A45,A61,A63,A64,A65,A66,A67,A68,A69,A70,A71,B10,B11,B12,B13,B15,B18,B34,B9",MonteCarlo
236,"A13,A28,A30,A32,A34,A7,A9,B47,B49,B51,B52,B53,B54,B55,B57,B58,B59,B61,B62,B63,B64,B68",MonteCarlo
237,"A40,A41,A42,A43,A47,A61,A63,A64,A68,B13,B15,B16,B17,B18,B19,B32,B33,B34,B35,B36,B37,B38",MonteCarlo
238,"A13,A15,A16,A19,A20,A36,A37,A38,A39,A40,A41,A68,B13,B15,B40,B41,B42,B43,B57,B68,B69,B70",MonteCarlo
239,"A39,A40,A41,A42,A43,A45,A61,A63,A64,A65,A66,A67,A68,A69,B12,B13,B15,B16,B18,B35,B36,B37,B43",MonteCarlo
240,"A13,A15,A32,A33,A34,A35,A36,A7,A9,B41,B42,B43,B44,B45,B47,B57,B61,B64,B66,B67,B68,B69,B70,B71,B72",MonteCarlo
241,"A61,A63,A64,A65,A66,A67,A68,A69,A70,A71,B10,B13,B15,B16,B17,B18,B19,B20,B9",MonteCarlo
242,"A43,A45,A55,A57,A58,A59,A61,A62,A63,A64,A65,A66,A67,A68,A69,B13,B15,B18,B25,B28,B35",MonteCarlo
243,"A13,A15,A17,A18,A36,A9,B42,B43,B45,B55,B57,B58,B61,B62,B63,B64,B65,B66,B67,B68,B69,B70",MonteCarlo
244,"A10,A13,A15,A17,A18,A8,A9,B55,B57,B58,B59,B61,B62,B63,B64,B65,B66,B67,B68,B69,B70",MonteCarlo
245,"A13,A27,A30,A31,A32,A33,A34,A36,A7,A9,B42,B43,B44,B45,B47,B51,B53,B54,B55,B57,B58,B59,B61,B68,B70",MonteCarlo
246,"A15,A17,A18,A28,A36,B42,B52,B54,B55,B57,B58,B59,B61,B62,B63,B64,B65,B66,B67,B68",MonteCarlo
247,"A40,A57,A58,A59,A61,A62,A63,A64,A65,A66,A67,A68,A69,A70,A71,B13,B15,B17,B18",MonteCarlo
248,"A47,A50,A53,A57,A61,A64,A66,A67,A68,A69,A70,A71,B10,B13,B32,B33,B34,B36,B7,B8,B9",MonteCarlo
249,"A13,A41,A43,A45,A59,A61,A62,A63,A64,A65,A66,A67,A68,A69,B12,B13,B15,B18,B34,B35,B36,B43",MonteCarlo
250,"A41,A55,A57,A58,A59,A61,A62,A63,A64,A65,A66,A67,A68,A69,B13,B15,B18,B24,B25,B27,B28",MonteCarlo
251,"A11,A13,A15,A18,A33,A34,A35,A36,A9,B45,B57,B61,B63,B64,B65,B66,B67,B68,B69,B70,B71,B72,B73",MonteCarlo
252,"A37,A38,A39,A40,A42,A43,A61,A64,A65,A66,A67,A68,A69,B13,B15,B16,B18,B36,B37,B38,B40,B41",MonteCarlo
253,"A13,A40,A42,A43,A68,A69,A70,A71,B12,B13,B15,B16,B19,B20,B21,B23,B37,B38,B39,B40,B41",MonteCarlo
254,"A13,A38,A39,A40,A41,A42,A43,A64,A65,A66,A67,A68,A69,B13,B15,B18,B35,B36,B37,B38,B39,B40,B41",MonteCarlo
255,"A13,A15,A16,A17,A18,A41,B42,B43,B57,B61,B62,B63,B64,B65,B66,B67,B68,B69,B70,B71,B72",MonteCarlo
256,"A42,A43,A45,A47,A63,A64,B16,B17,B18,B19,B20,B21,B23,B32,B33,B34,B35,B36,B37,B39,B41",MonteCarlo
257,"A13,A32,A33,A34,A35,A36,A37,A38,A39,A41,A7,A9,B42,B43,B44,B45,B47,B61,B64,B65,B66,B67,B68,B69",MonteCarlo
258,"A10,A13,A15,A18,B51,B53,B54,B55,B57,B58,B59,B61,B62,B63,B64,B65,B66,B67,B68,B69,B70,B72",MonteCarlo
259,"A10,A13,A18,A28,A41,A9,B55,B57,B58,B59,B61,B62,B63,B64,B65,B66,B67,B68,B69,B70,B71,B72",MonteCarlo
260,"A15,A16,A17,A18,A19,A20,A21,A23,A27,A30,A31,B42,B61,B62,B63,B64,B65,B66,B67,B68",MonteCarlo
261,"A13,A15,A37,A38,A39,A40,A41,A42,A43,A64,A66,A67,A68,A69,B13,B15,B36,B37,B38,B39,B40,B41,B42,B43",MonteCarlo
262,"A43,A45,A52,A55,A57,A58,A59,A61,A62,A63,A64,A65,A66,A67,A68,A69,B12,B13,B15,B18,B28",MonteCarlo
263,"A13,A15,A37,A38,A39,A40,A41,A42,A43,B13,B15,B16,B36,B37,B38,B39,B40,B41,B43,B61,B68",MonteCarlo
264,"A10,A11,A18,A9,B45,B51,B53,B54,B55,B57,B58,B59,B61,B62,B63,B64,B65,B66,B68,B70,B72,B73",MonteCarlo
265,"A15,A17,A18,A23,A25,A33,A36,B42,B44,B51,B53,B54,B55,B57,B58,B59,B61,B62,B63,B64,B65,B68",MonteCarlo
266,"A40,A41,A42,A43,A45,A47,A61,A64,A65,A66,A67,A68,A69,B13,B15,B18,B33,B34,B35,B36,B37,B41,B9",MonteCarlo
267,"A10,A17,A18,A34,A9,B51,B53,B54,B55,B57,B58,B59,B61,B62,B63,B64,B65,B66,B67,B68,B70",MonteCarlo
268,"A15,A16,A17,A18,A19,A20,A23,A33,B42,B55,B57,B58,B59,B61,B62,B63,B64,B65,B66,B67,B68",MonteCarlo
269,"A52,A53,A55,A57,A58,A59,A61,A62,A63,A64,A65,A66,A67,A68,B13,B25,B28,B30,B31,B32,B33,B36",MonteCarlo
270,"A28,A30,A31,A32,A33,A34,A35,A36,A7,A9,B47,B49,B51,B52,B53,B54,B55,B57,B58,B59,B61,B68",MonteCarlo
271,"A13,A15,A33,A34,A35,A36,A37,A38,A39,A40,A41,A68,A9,B13,B15,B40,B41,B42,B43,B44,B45,B72,B73",MonteCarlo
272,"A13,A41,A43,A45,A61,A62,A63,A64,A65,A66,A67,A68,A69,B11,B12,B13,B15,B18,B33,B34,B35,B36,B41",MonteCarlo
273,"A15,A16,A17,A18,A19,A20,A21,A23,A24,A38,B40,B42,B57,B61,B63,B64,B65,B66,B67,B68",MonteCarlo
274,"A10,A13,A15,A18,A9,B45,B51,B53,B54,B55,B57,B58,B59,B61,B62,B63,B64,B65,B66,B67,B68,B69,B70",MonteCarlo
275,"A52,A53,A55,A57,A58,A59,A61,A62,A63,A64,A65,A66,A67,A68,A69,B13,B15,B18,B23,B27,B28",MonteCarlo
276,"A13,A41,A57,A58,A59,A61,A62,A63,A64,A65,A66,A67,A68,A69,B13,B15,B18,B20,B21,B24,B25",MonteCarlo
277,"A10,A19,A20,A21,A23,A24,A32,A33,A34,A35,A36,A9,B42,B44,B45,B47,B50,B51,B53,B54,B55,B57,B58",MonteCarlo
278,"A13,A38,A39,A40,A41,A42,A43,A45,A61,A64,A66,A67,A68,B13,B15,B18,B36,B37,B38,B39,B40,B41,B43",MonteCarlo
279,"A13,A15,A16,A36,A37,A38,A39,A40,A41,A43,B12,B13,B15,B17,B40,B41,B42,B43,B67,B68,B69",MonteCarlo
280,"A13,A37,A38,A39,A40,A41,A42,A43,A68,A69,A70,A71,B13,B15,B18,B36,B37,B38,B39,B40,B41,B43",MonteCarlo
281,"A42,A43,A45,A47,A61,A63,A64,A65,A66,A67,A68,B13,B15,B16,B18,B19,B33,B34,B35,B36,B37,B41",MonteCarlo
282,"A10,A13,A15,A18,A41,A9,B42,B43,B57,B61,B62,B63,B64,B65,B66,B67,B68,B69,B70,B71,B72,B74",MonteCarlo
283,"A13,A42,A43,A59,A61,A62,A63,A64,A65,A66,A67,A68,A69,B12,B13,B15,B18,B19,B20,B23,B33,B36,B41",MonteCarlo
284,"A13,A15,A16,A17,A18,A19,A33,A36,A37,A38,A39,A40,A41,B38,B40,B42,B43,B44,B63,B64,B68",MonteCarlo
285,"A42,A43,A45,A47,A50,A64,A66,A68,A69,A70,A71,B10,B32,B33,B34,B35,B36,B37,B7,B8,B9",MonteCarlo
286,"A13,A15,A16,A36,A37,A38,A39,A40,A41,A43,B13,B37,B38,B39,B40,B41,B42,B43,B68,B69,B70,B71",MonteCarlo
287,"A13,A15,A18,A36,A37,A38,A39,A40,A41,A42,A43,B13,B36,B37,B38,B39,B40,B41,B42,B43,B61,B64,B66,B68",MonteCarlo
288,"A13,A37,A38,A39,A40,A41,A42,A43,A61,A64,A65,A66,A67,A68,A69,B13,B15,B36,B37,B38,B39,B40,B41,B43",MonteCarlo
289,"A10,A13,A28,A9,B43,B54,B55,B57,B58,B59,B61,B62,B63,B64,B65,B66,B67,B68,B69,B70,B72",MonteCarlo
290,"A40,A42,A43,A45,A64,A66,A67,A68,A69,B12,B13,B15,B18,B33,B34,B35,B36,B37,B38,B39,B40,B41",MonteCarlo
291,"A13,A37,A38,A39,A40,A41,A61,A63,A64,A65,A66,A67,A68,A69,B13,B15,B17,B18,B42,B43,B68",MonteCarlo
292,"A10,A11,A13,A15,A17,A18,A21,A34,A9,B61,B62,B63,B64,B65,B66,B67,B68,B69,B70,B71,B72",MonteCarlo
293,"A53,A55,A57,A58,A59,A61,A62,A63,A64,A65,A66,A67,A68,A69,B20,B21,B23,B24,B25,B27,B28",MonteCarlo
294,"A13,A15,A16,A17,A18,A20,A43,B13,B40,B41,B61,B62,B63,B64,B65,B66,B67,B68,B69",MonteCarlo
295,"A42,A43,A45,A47,A49,A64,A66,A67,A68,A69,B12,B13,B16,B19,B30,B31,B32,B33,B34,B35,B36,B37",MonteCarlo
296,"A42,A43,A45,A47,A64,A66,A67,A68,A69,B12,B13,B30,B31,B32,B33,B34,B35,B36,B37,B7,B9",MonteCarlo
297,"A13,A58,A59,A61,A62,A63,A64,A65,A66,A67,A68,A69,B13,B19,B20,B21,B23,B24,B25,B28,B33",MonteCarlo
298,"A10,A11,A21,A23,A32,A33,A34,A35,A36,A7,A8,A9,B45,B47,B63,B69,B70,B71,B72,B73,B74",MonteCarlo
299,"A43,A55,A57,A58,A59,A61,A62,A63,A64,A65,A66,A67,A68,A69,A70,A71,B12,B13,B27,B28,B30",MonteCarlo
300,"A10,A15,A17,A18,A9,B53,B54,B55,B57,B58,B59,B61,B62,B63,B64,B65,B66,B67,B68,B70,B72",MonteCarlo
301,"A15,A16,A17,A18,A19,A20,A21,A23,A27,B42,B57,B58,B59,B61,B62,B63,B64,B65,B66,B67,B68",Relaxed
302,"A15,A16,A17,A18,A19,A20,A21,A23,A33,A36,A37,A38,A39,A40,A41,B40,B42,B43,B44,B63,B64,B68",Relaxed
303,"A15,A16,A17,A18,A19,A20,A21,A23,A32,A33,A7,B42,B47,B61,B62,B63,B64,B65,B66,B67,B68",Relaxed
304,"A13,A15,A16,A17,A18,A19,A20,A23,A33,A36,A37,A38,A39,A40,A41,B40,B42,B43,B44,B63,B64,B68",Relaxed
305,"A15,A16,A17,A18,A19,A20,A21,A23,A24,B40,B42,B44,B61,B62,B63,B64,B65,B66,B67,B68",Relaxed
306,"A15,A16,A17,A18,A19,A23,A31,A33,A36,A37,A38,A39,B40,B42,B43,B44,B61,B63,B64,B65,B66,B68",Relaxed
307,"A15,A16,A17,A18,A19,A20,A21,A23,A27,B42,B57,B58,B59,B61,B62,B63,B64,B65,B66,B67,B68",Relaxed
308,"A13,A15,A16,A17,A18,A19,A20,A21,A23,A24,A27,A31,A33,A36,B40,B41,B42,B44,B61,B63,B64,B68",Relaxed
309,"A13,A15,A16,A17,A18,A19,A20,A33,A36,A37,A38,A39,A40,A41,B40,B42,B43,B44,B61,B63,B64,B68",Relaxed
310,"A15,A16,A17,A18,A19,A20,A21,A23,A33,A36,A43,B40,B41,B42,B44,B61,B62,B63,B64,B65,B66,B68",Relaxed
