9_6WXB,SER,0 
10_6WXB,THR,0 
11_6WXB,ALA,0 
12_6WXB,THR,0 
13_6WXB,LEU,0 
14_6WXB,CYS,0 
15_6WXB,LEU,0 
16_6WXB,GLY,0 
17_6WXB,HIS,0 
18_6WXB,HIS,0 
19_6WXB,ALA,0 
20_6WXB,VAL,0 
21_6WXB,PRO,0 
22_6WXB,ASN,0 
23_6WXB,GLY,0 
24_6WXB,THR,0 
25_6WXB,LEU,0 
26_6WXB,VAL,0 
27_6WXB,LYS,0 
28_6WXB,THR,0 
29_6WXB,ILE,0 
30_6WXB,THR,0 
31_6WXB,ASP,0 
32_6WXB,ASP,0 
33_6WXB,GLN,0 
34_6WXB,ILE,0 
35_6WXB,GLU,0 
36_6WXB,VAL,0 
37_6WXB,THR,0 
38_6WXB,ASN,0 
39_6WXB,ALA,0 
40_6WXB,THR,0 
41_6WXB,GLU,0 
42_6WXB,LEU,0 
43_6WXB,VAL,0 
44_6WXB,GLN,0 
45_6WXB,SER,0 
46_6WXB,SER,0 
47_6WXB,SER,0 
48_6WXB,THR,0 
49_6WXB,GLY,0 
50_6WXB,LYS,0 
51_6WXB,ILE,0 
52_6WXB,CYS,0 
53_6WXB,ASN,0 
54_6WXB,ASN,0 
55_6WXB,PRO,0 
56_6WXB,HIS,0 
57_6WXB,ARG,0 
58_6WXB,ILE,0 
59_6WXB,LEU,0 
60_6WXB,ASP,0 
61_6WXB,GLY,0 
62_6WXB,ILE,0 
63_6WXB,ASP,0 
64_6WXB,CYS,0 
65_6WXB,THR,0 
66_6WXB,LEU,0 
67_6WXB,ILE,0 
68_6WXB,ASP,0 
69_6WXB,ALA,0 
70_6WXB,LEU,0 
71_6WXB,LEU,0 
72_6WXB,GLY,0 
73_6WXB,ASP,0 
74_6WXB,PRO,0 
75_6WXB,HIS,0 
76_6WXB,CYS,0 
77_6WXB,ASP,0 
78_6WXB,VAL,0 
79_6WXB,PHE,0 
80_6WXB,GLN,0 
81_6WXB,ASN,0 
82_6WXB,GLU,0 
83_6WXB,THR,0 
84_6WXB,TRP,0 
85_6WXB,ASP,0 
86_6WXB,LEU,0 
87_6WXB,PHE,0 
88_6WXB,VAL,0 
89_6WXB,GLU,0 
90_6WXB,ARG,0 
91_6WXB,SER,0 
92_6WXB,LYS,0 
93_6WXB,ALA,0 
94_6WXB,PHE,0 
95_6WXB,SER,0 
96_6WXB,ASN,0 
97_6WXB,CYS,0 
98_6WXB,TYR,1 
99_6WXB,PRO,0 
100_6WXB,TYR,0 
101_6WXB,ASP,0 
102_6WXB,VAL,0 
103_6WXB,PRO,0 
104_6WXB,ASP,0 
105_6WXB,TYR,0 
106_6WXB,ALA,0 
107_6WXB,SER,0 
108_6WXB,LEU,0 
109_6WXB,ARG,0 
110_6WXB,SER,0 
111_6WXB,LEU,0 
112_6WXB,VAL,0 
113_6WXB,ALA,0 
114_6WXB,SER,0 
115_6WXB,SER,0 
116_6WXB,GLY,0 
117_6WXB,THR,0 
118_6WXB,LEU,0 
119_6WXB,GLU,0 
120_6WXB,PHE,0 
121_6WXB,ILE,0 
122_6WXB,THR,0 
123_6WXB,GLU,0 
124_6WXB,GLY,0 
125_6WXB,PHE,0 
126_6WXB,THR,0 
127_6WXB,TRP,0 
128_6WXB,THR,0 
129_6WXB,GLY,0 
130_6WXB,VAL,0 
131_6WXB,THR,1 
132_6WXB,GLN,0 
133_6WXB,ASN,1 
134_6WXB,GLY,1 
135_6WXB,GLY,1 
136_6WXB,SER,1 
137_6WXB,ASN,1 
138_6WXB,ALA,0 
139_6WXB,CYS,0 
140_6WXB,LYS,0 
141_6WXB,ARG,0 
142_6WXB,GLY,0 
143_6WXB,PRO,0 
144_6WXB,GLY,0 
145_6WXB,SER,1 
146_6WXB,GLY,0 
147_6WXB,PHE,0 
148_6WXB,PHE,0 
149_6WXB,SER,0 
150_6WXB,ARG,0 
151_6WXB,LEU,0 
152_6WXB,ASN,0 
153_6WXB,TRP,1 
154_6WXB,LEU,0 
155_6WXB,THR,1 
156_6WXB,LYS,1 
157_6WXB,SER,0 
158_6WXB,GLY,0 
159_6WXB,SER,0 
160_6WXB,THR,0 
161_6WXB,TYR,0 
162_6WXB,PRO,0 
163_6WXB,VAL,0 
164_6WXB,LEU,0 
165_6WXB,ASN,0 
166_6WXB,VAL,0 
167_6WXB,THR,0 
168_6WXB,MET,0 
169_6WXB,PRO,0 
170_6WXB,ASN,0 
171_6WXB,ASN,0 
172_6WXB,ASP,0 
173_6WXB,ASN,0 
174_6WXB,PHE,0 
175_6WXB,ASP,0 
176_6WXB,LYS,0 
177_6WXB,LEU,0 
178_6WXB,TYR,0 
179_6WXB,ILE,0 
180_6WXB,TRP,0 
181_6WXB,GLY,0 
182_6WXB,VAL,0 
183_6WXB,HIS,0 
184_6WXB,HIS,0 
185_6WXB,PRO,0 
186_6WXB,SER,1 
187_6WXB,THR,0 
188_6WXB,ASN,0 
189_6WXB,GLN,1 
190_6WXB,GLU,1 
191_6WXB,GLN,0 
192_6WXB,THR,1 
193_6WXB,SER,1 
194_6WXB,LEU,1 
195_6WXB,TYR,0 
196_6WXB,VAL,0 
197_6WXB,GLN,0 
198_6WXB,ALA,0 
199_6WXB,SER,0 
200_6WXB,GLY,0 
201_6WXB,ARG,0 
202_6WXB,VAL,0 
203_6WXB,THR,0 
204_6WXB,VAL,0 
205_6WXB,SER,0 
206_6WXB,THR,0 
207_6WXB,ARG,0 
208_6WXB,ARG,0 
209_6WXB,SER,0 
210_6WXB,GLN,0 
211_6WXB,GLN,0 
212_6WXB,THR,0 
213_6WXB,ILE,0 
214_6WXB,ILE,0 
215_6WXB,PRO,0 
216_6WXB,ASN,0 
217_6WXB,ILE,0 
218_6WXB,GLY,0 
219_6WXB,SER,0 
220_6WXB,ARG,0 
221_6WXB,PRO,0 
222_6WXB,TRP,0 
223_6WXB,VAL,0 
224_6WXB,ARG,0 
225_6WXB,GLY,0 
226_6WXB,LEU,1 
227_6WXB,SER,0 
228_6WXB,SER,1 
229_6WXB,ARG,0 
230_6WXB,ILE,0 
231_6WXB,SER,0 
232_6WXB,ILE,0 
233_6WXB,TYR,0 
234_6WXB,TRP,0 
235_6WXB,THR,0 
236_6WXB,ILE,0 
237_6WXB,VAL,0 
238_6WXB,LYS,0 
239_6WXB,PRO,0 
240_6WXB,GLY,0 
241_6WXB,ASP,0 
242_6WXB,VAL,0 
243_6WXB,LEU,0 
244_6WXB,VAL,0 
245_6WXB,ILE,0 
246_6WXB,ASN,0 
247_6WXB,SER,0 
248_6WXB,ASN,0 
249_6WXB,GLY,0 
250_6WXB,ASN,0 
251_6WXB,LEU,0 
252_6WXB,ILE,0 
253_6WXB,ALA,0 
254_6WXB,PRO,0 
255_6WXB,ARG,0 
256_6WXB,GLY,0 
257_6WXB,TYR,0 
258_6WXB,PHE,0 
259_6WXB,LYS,0 
260_6WXB,MET,0 
261_6WXB,ARG,0 
262_6WXB,THR,0 
263_6WXB,GLY,0 
264_6WXB,LYS,0 
265_6WXB,SER,0 
266_6WXB,SER,0 
267_6WXB,ILE,0 
268_6WXB,MET,0 
269_6WXB,ARG,0 
270_6WXB,SER,0 
271_6WXB,ASP,0 
272_6WXB,ALA,0 
273_6WXB,PRO,0 
274_6WXB,ILE,0 
275_6WXB,ASP,0 
276_6WXB,THR,0 
277_6WXB,CYS,0 
278_6WXB,ILE,0 
279_6WXB,SER,0 
280_6WXB,GLU,0 
281_6WXB,CYS,0 
282_6WXB,ILE,0 
283_6WXB,THR,0 
284_6WXB,PRO,0 
285_6WXB,ASN,0 
286_6WXB,GLY,0 
287_6WXB,SER,0 
288_6WXB,ILE,0 
289_6WXB,PRO,0 
290_6WXB,ASN,0 
291_6WXB,ASP,0 
292_6WXB,LYS,0 
293_6WXB,PRO,0 
294_6WXB,PHE,0 
295_6WXB,GLN,0 
296_6WXB,ASN,0 
297_6WXB,VAL,0 
298_6WXB,ASN,0 
299_6WXB,LYS,0 
300_6WXB,ILE,0 
301_6WXB,THR,0 
302_6WXB,TYR,0 
303_6WXB,GLY,0 
304_6WXB,ALA,0 
305_6WXB,CYS,0 
306_6WXB,PRO,0 
307_6WXB,LYS,0 
308_6WXB,TYR,0 
309_6WXB,VAL,0 
310_6WXB,LYS,0 
311_6WXB,GLN,0 
312_6WXB,ASN,0 
313_6WXB,THR,0 
314_6WXB,LEU,0 
315_6WXB,LYS,0 
316_6WXB,LEU,0 
317_6WXB,ALA,0 
318_6WXB,THR,0 
319_6WXB,GLY,0 
320_6WXB,MET,0 
321_6WXB,ARG,0 
322_6WXB,ASN,0 
323_6WXB,VAL,0 
324_6WXB,PRO,0 
325_6WXB,GLU,0 
334_6WXB,ALA,0 
335_6WXB,ILE,0 
336_6WXB,ALA,0 
337_6WXB,GLY,0 
338_6WXB,PHE,0 
339_6WXB,ILE,0 
340_6WXB,GLU,0 
341_6WXB,ASN,0 
342_6WXB,GLY,0 
343_6WXB,TRP,0 
344_6WXB,GLU,0 
345_6WXB,GLY,0 
346_6WXB,MET,0 
347_6WXB,ILE,0 
348_6WXB,ASP,0 
349_6WXB,GLY,0 
350_6WXB,TRP,0 
351_6WXB,TYR,0 
352_6WXB,GLY,0 
353_6WXB,PHE,0 
354_6WXB,ARG,0 
355_6WXB,HIS,0 
356_6WXB,GLN,0 
357_6WXB,ASN,0 
358_6WXB,SER,0 
359_6WXB,GLU,0 
360_6WXB,GLY,0 
361_6WXB,THR,0 
362_6WXB,GLY,0 
363_6WXB,GLN,0 
364_6WXB,ALA,0 
365_6WXB,ALA,0 
366_6WXB,ASP,0 
367_6WXB,LEU,0 
368_6WXB,LYS,0 
369_6WXB,SER,0 
370_6WXB,THR,0 
371_6WXB,GLN,0 
372_6WXB,ALA,0 
373_6WXB,ALA,0 
374_6WXB,ILE,0 
375_6WXB,ASP,0 
376_6WXB,GLN,0 
377_6WXB,ILE,0 
378_6WXB,ASN,0 
379_6WXB,GLY,0 
380_6WXB,LYS,0 
381_6WXB,LEU,0 
382_6WXB,ASN,0 
383_6WXB,ARG,0 
384_6WXB,VAL,0 
385_6WXB,ILE,0 
386_6WXB,GLU,0 
387_6WXB,LYS,0 
388_6WXB,THR,0 
389_6WXB,ASN,0 
390_6WXB,GLU,0 
391_6WXB,LYS,0 
392_6WXB,PHE,0 
393_6WXB,HIS,0 
394_6WXB,GLN,0 
395_6WXB,ILE,0 
396_6WXB,GLU,0 
397_6WXB,LYS,0 
398_6WXB,GLU,0 
399_6WXB,PHE,0 
400_6WXB,SER,0 
401_6WXB,GLU,0 
402_6WXB,VAL,0 
403_6WXB,GLU,0 
404_6WXB,GLY,0 
405_6WXB,ARG,0 
406_6WXB,ILE,0 
407_6WXB,GLN,0 
408_6WXB,ASP,0 
409_6WXB,LEU,0 
410_6WXB,GLU,0 
411_6WXB,LYS,0 
412_6WXB,TYR,0 
413_6WXB,VAL,0 
414_6WXB,GLU,0 
415_6WXB,ASP,0 
416_6WXB,THR,0 
417_6WXB,LYS,0 
418_6WXB,ILE,0 
419_6WXB,ASP,0 
420_6WXB,LEU,0 
421_6WXB,TRP,0 
422_6WXB,SER,0 
423_6WXB,TYR,0 
424_6WXB,ASN,0 
425_6WXB,ALA,0 
426_6WXB,GLU,0 
427_6WXB,LEU,0 
428_6WXB,LEU,0 
429_6WXB,VAL,0 
430_6WXB,ALA,0 
431_6WXB,LEU,0 
432_6WXB,GLU,0 
433_6WXB,ASN,0 
434_6WXB,GLN,0 
435_6WXB,HIS,0 
436_6WXB,THR,0 
437_6WXB,ILE,0 
438_6WXB,ASP,0 
439_6WXB,LEU,0 
440_6WXB,THR,0 
441_6WXB,ASP,0 
442_6WXB,SER,0 
443_6WXB,GLU,0 
444_6WXB,MET,0 
445_6WXB,ASN,0 
446_6WXB,LYS,0 
447_6WXB,LEU,0 
448_6WXB,PHE,0 
449_6WXB,GLU,0 
450_6WXB,LYS,0 
451_6WXB,THR,0 
452_6WXB,ARG,0 
453_6WXB,ARG,0 
454_6WXB,GLN,0 
455_6WXB,LEU,0 
456_6WXB,ARG,0 
457_6WXB,GLU,0 
458_6WXB,ASN,0 
459_6WXB,ALA,0 
460_6WXB,GLU,0 
461_6WXB,ASP,0 
462_6WXB,MET,0 
463_6WXB,GLY,0 
464_6WXB,ASN,0 
465_6WXB,GLY,0 
466_6WXB,CYS,0 
467_6WXB,PHE,0 
468_6WXB,LYS,0 
469_6WXB,ILE,0 
470_6WXB,TYR,0 
471_6WXB,HIS,0 
472_6WXB,LYS,0 
473_6WXB,CYS,0 
474_6WXB,ASP,0 
475_6WXB,ASN,0 
476_6WXB,ALA,0 
477_6WXB,CYS,0 
478_6WXB,ILE,0 
479_6WXB,GLU,0 
480_6WXB,SER,0 
481_6WXB,ILE,0 
482_6WXB,ARG,0 
483_6WXB,ASN,0 
484_6WXB,GLY,0 
485_6WXB,THR,0 
486_6WXB,TYR,0 
487_6WXB,ASP,0 
488_6WXB,HIS,0 
489_6WXB,ASP,0 
490_6WXB,VAL,0 
491_6WXB,TYR,0 
492_6WXB,ARG,0 
493_6WXB,ASP,0 
494_6WXB,GLU,0 
495_6WXB,ALA,0 
496_6WXB,LEU,0 
497_6WXB,ASN,0 
498_6WXB,ASN,0 
499_6WXB,ARG,0 
500_6WXB,PHE,0 
501_6WXB,GLN,0 
